45.8517   26.1829    6.0000
   43.9004   25.9717    6.0000
   45.6557   25.6108    6.0000
   45.8135   27.0658    6.0000
   47.7921   22.8852    6.0000
   44.7009    8.0357    6.0000
   46.5434   25.4338    6.0000
   44.6031   27.3790    6.0000
   47.0158   22.1723    6.0000
   47.2486   24.5323    6.0000
   44.1733   28.6383    6.0000
   41.9814   44.1095    6.0000
   45.4257   28.0310    6.0000
   44.2020   27.3300    6.0000
   45.7874   24.1433    6.0000
   45.2692   27.9575   12.0000
   46.9759   26.3819   12.0000
   44.2008   24.5023   12.0000
   47.6514   26.2556   12.0000
   45.7664   22.9207   12.0000
   44.5515   22.9044   12.0000
   46.7772   23.5999   12.0000
   47.6738   23.7456   12.0000
   44.2291   26.4688   12.0000
   44.0628   25.0998   12.0000
   47.2091   23.2122   12.0000
   46.6383   27.7292   12.0000
   44.1623   23.6325   12.0000
   47.7462   26.6668   12.0000
   45.0892   26.0829   12.0000
   45.1140   22.0741   12.0000
   45.1799   28.8063   12.0000
   46.5570   24.6723   18.0000
   45.8139   21.3331   18.0000
   47.1569   27.5903   18.0000
   45.1481   26.8233   18.0000
   46.1667   21.3167   18.0000
   44.5355   26.2325   24.0000
   46.5713   26.9252   24.0000
   45.0723   24.8143   24.0000
   45.0798   24.0835   24.0000